0 3 0 
0.001 2.994 -0.00300125 
0.002 2.988 -0.00600551 
0.003 2.982 -0.00901278 
0.004 2.976 -0.0120231 
0.005 2.97 -0.0150364 
0.006 2.964 -0.0180528 
0.007 2.958 -0.0210722 
0.008 2.952 -0.0240947 
0.009 2.946 -0.0271203 
0.01 2.94 -0.0301489 
0.011 2.934 -0.0331807 
0.012 2.928 -0.0362155 
0.013 2.922 -0.0392534 
0.014 2.91599 -0.0422945 
0.015 2.90999 -0.0453387 
0.016 2.90399 -0.048386 
0.017 2.89799 -0.0514365 
0.018 2.89199 -0.0544901 
0.019 2.88599 -0.0575469 
0.02 2.87998 -0.0606068 
0.021 2.87398 -0.0636699 
0.022 2.86798 -0.0667363 
0.023 2.86198 -0.0698058 
0.024 2.85597 -0.0728785 
0.025 2.84997 -0.0759545 
0.026 2.84397 -0.0790336 
0.027 2.83796 -0.0821161 
0.028 2.83196 -0.0852017 
0.029 2.82595 -0.0882906 
0.03 2.81995 -0.0913828 
0.031 2.81394 -0.0944783 
0.032 2.80793 -0.097577 
0.033 2.80193 -0.100679 
0.034 2.79592 -0.103784 
0.035 2.78991 -0.106893 
0.036 2.78391 -0.110005 
0.037 2.7779 -0.11312 
0.038 2.77189 -0.116239 
0.039 2.76588 -0.119361 
0.04 2.75987 -0.122486 
0.041 2.75386 -0.125615 
0.042 2.74785 -0.128747 
0.043 2.74184 -0.131883 
0.044 2.73583 -0.135022 
0.045 2.72982 -0.138164 
0.046 2.72381 -0.14131 
0.047 2.71779 -0.144459 
0.048 2.71178 -0.147611 
0.049 2.70576 -0.150768 
0.05 2.69975 -0.153927 
0.051 2.69373 -0.15709 
0.052 2.68772 -0.160256 
0.053 2.6817 -0.163426 
0.054 2.67568 -0.1666 
0.055 2.66967 -0.169777 
0.056 2.66365 -0.172957 
0.057 2.65763 -0.176141 
0.058 2.65161 -0.179329 
0.059 2.64559 -0.18252 
0.06 2.63956 -0.185715 
0.061 2.63354 -0.188913 
0.062 2.62752 -0.192114 
0.063 2.6215 -0.19532 
0.064 2.61547 -0.198529 
0.065 2.60945 -0.201741 
0.066 2.60342 -0.204958 
0.067 2.59739 -0.208177 
0.068 2.59136 -0.211401 
0.069 2.58534 -0.214628 
0.07 2.57931 -0.217859 
0.071 2.57328 -0.221093 
0.072 2.56724 -0.224331 
0.073 2.56121 -0.227573 
0.074 2.55518 -0.230818 
0.075 2.54915 -0.234068 
0.076 2.54311 -0.23732 
0.077 2.53707 -0.240577 
0.078 2.53104 -0.243837 
0.079 2.525 -0.247102 
0.08 2.51896 -0.250369 
0.081 2.51292 -0.253641 
0.082 2.50688 -0.256916 
0.083 2.50084 -0.260196 
0.084 2.4948 -0.263479 
0.085 2.48875 -0.266766 
0.086 2.48271 -0.270056 
0.087 2.47666 -0.273351 
0.088 2.47061 -0.276649 
0.089 2.46457 -0.279951 
0.09 2.45852 -0.283257 
0.091 2.45247 -0.286567 
0.092 2.44641 -0.289881 
0.093 2.44036 -0.293199 
0.094 2.43431 -0.29652 
0.095 2.42825 -0.299846 
0.096 2.4222 -0.303175 
0.097 2.41614 -0.306508 
0.098 2.41008 -0.309846 
0.099 2.40402 -0.313187 
0.1 2.39796 -0.316532 
0.101 2.39189 -0.319881 
0.102 2.38583 -0.323235 
0.103 2.37977 -0.326592 
0.104 2.3737 -0.329953 
0.105 2.36763 -0.333318 
0.106 2.36156 -0.336688 
0.107 2.35549 -0.340061 
0.108 2.34942 -0.343438 
0.109 2.34335 -0.34682 
0.11 2.33727 -0.350205 
0.111 2.3312 -0.353595 
0.112 2.32512 -0.356988 
0.113 2.31904 -0.360386 
0.114 2.31296 -0.363788 
0.115 2.30688 -0.367194 
0.116 2.3008 -0.370604 
0.117 2.29471 -0.374019 
0.118 2.28862 -0.377437 
0.119 2.28254 -0.38086 
0.12 2.27645 -0.384287 
0.121 2.27036 -0.387718 
0.122 2.26426 -0.391153 
0.123 2.25817 -0.394593 
0.124 2.25208 -0.398036 
0.125 2.24598 -0.401484 
0.126 2.23988 -0.404936 
0.127 2.23378 -0.408393 
0.128 2.22768 -0.411854 
0.129 2.22157 -0.415319 
0.13 2.21547 -0.418788 
0.131 2.20936 -0.422262 
0.132 2.20325 -0.42574 
0.133 2.19714 -0.429222 
0.134 2.19103 -0.432709 
0.135 2.18492 -0.436199 
0.136 2.1788 -0.439695 
0.137 2.17269 -0.443195 
0.138 2.16657 -0.446699 
0.139 2.16045 -0.450207 
0.14 2.15432 -0.45372 
0.141 2.1482 -0.457237 
0.142 2.14207 -0.460759 
0.143 2.13595 -0.464285 
0.144 2.12982 -0.467816 
0.145 2.12368 -0.471351 
0.146 2.11755 -0.474891 
0.147 2.11142 -0.478435 
0.148 2.10528 -0.481983 
0.149 2.09914 -0.485537 
0.15 2.093 -0.489094 
0.151 2.08685 -0.492656 
0.152 2.08071 -0.496223 
0.153 2.07456 -0.499794 
0.154 2.06841 -0.50337 
0.155 2.06226 -0.506951 
0.156 2.05611 -0.510536 
0.157 2.04995 -0.514125 
0.158 2.0438 -0.51772 
0.159 2.03764 -0.521318 
0.16 2.03148 -0.524922 
0.161 2.02531 -0.52853 
0.162 2.01915 -0.532143 
0.163 2.01298 -0.535761 
0.164 2.00681 -0.539383 
0.165 2.00064 -0.54301 
0.166 1.99446 -0.546641 
0.167 1.98829 -0.550278 
0.168 1.98211 -0.553919 
0.169 1.97593 -0.557565 
0.17 1.96974 -0.561215 
0.171 1.96356 -0.564871 
0.172 1.95737 -0.568531 
0.173 1.95118 -0.572196 
0.174 1.94499 -0.575865 
0.175 1.93879 -0.57954 
0.176 1.9326 -0.58322 
0.177 1.9264 -0.586904 
0.178 1.9202 -0.590593 
0.179 1.91399 -0.594287 
0.18 1.90779 -0.597986 
0.181 1.90158 -0.60169 
0.182 1.89537 -0.605398 
0.183 1.88915 -0.609112 
0.184 1.88294 -0.61283 
0.185 1.87672 -0.616554 
0.186 1.8705 -0.620282 
0.187 1.86428 -0.624016 
0.188 1.85805 -0.627754 
0.189 1.85182 -0.631498 
0.19 1.84559 -0.635246 
0.191 1.83936 -0.638999 
0.192 1.83312 -0.642758 
0.193 1.82688 -0.646521 
0.194 1.82064 -0.65029 
0.195 1.8144 -0.654064 
0.196 1.80815 -0.657842 
0.197 1.80191 -0.661626 
0.198 1.79565 -0.665415 
0.199 1.7894 -0.669209 
0.2 1.78314 -0.673008 
0.201 1.77688 -0.676813 
0.202 1.77062 -0.680622 
0.203 1.76436 -0.684437 
0.204 1.75809 -0.688257 
0.205 1.75182 -0.692082 
0.206 1.74555 -0.695912 
0.207 1.73927 -0.699747 
0.208 1.73299 -0.703588 
0.209 1.72671 -0.707434 
0.21 1.72043 -0.711285 
0.211 1.71414 -0.715142 
0.212 1.70785 -0.719003 
0.213 1.70155 -0.72287 
0.214 1.69526 -0.726743 
0.215 1.68896 -0.73062 
0.216 1.68266 -0.734504 
0.217 1.67635 -0.738392 
0.218 1.67005 -0.742286 
0.219 1.66374 -0.746185 
0.22 1.65742 -0.750089 
0.221 1.65111 -0.753999 
0.222 1.64479 -0.757915 
0.223 1.63846 -0.761836 
0.224 1.63214 -0.765762 
0.225 1.62581 -0.769693 
0.226 1.61948 -0.773631 
0.227 1.61314 -0.777573 
0.228 1.60681 -0.781521 
0.229 1.60046 -0.785475 
0.23 1.59412 -0.789434 
0.231 1.58777 -0.793399 
0.232 1.58142 -0.797369 
0.233 1.57507 -0.801345 
0.234 1.56871 -0.805327 
0.235 1.56235 -0.809314 
0.236 1.55599 -0.813306 
0.237 1.54962 -0.817305 
0.238 1.54325 -0.821308 
0.239 1.53688 -0.825318 
0.24 1.5305 -0.829333 
0.241 1.52412 -0.833354 
0.242 1.51774 -0.837381 
0.243 1.51135 -0.841413 
0.244 1.50496 -0.845451 
0.245 1.49857 -0.849495 
0.246 1.49217 -0.853544 
0.247 1.48577 -0.857599 
0.248 1.47937 -0.86166 
0.249 1.47296 -0.865727 
0.25 1.46655 -0.869799 
0.251 1.46014 -0.873878 
0.252 1.45372 -0.877962 
0.253 1.4473 -0.882052 
0.254 1.44088 -0.886148 
0.255 1.43445 -0.89025 
0.256 1.42802 -0.894357 
0.257 1.42158 -0.898471 
0.258 1.41515 -0.90259 
0.259 1.4087 -0.906716 
0.26 1.40226 -0.910847 
0.261 1.39581 -0.914984 
0.262 1.38935 -0.919128 
0.263 1.3829 -0.923277 
0.264 1.37644 -0.927432 
0.265 1.36997 -0.931593 
0.266 1.36351 -0.935761 
0.267 1.35703 -0.939934 
0.268 1.35056 -0.944113 
0.269 1.34408 -0.948299 
0.27 1.3376 -0.95249 
0.271 1.33111 -0.956688 
0.272 1.32462 -0.960892 
0.273 1.31812 -0.965101 
0.274 1.31163 -0.969317 
0.275 1.30512 -0.97354 
0.276 1.29862 -0.977768 
0.277 1.29211 -0.982002 
0.278 1.28559 -0.986243 
0.279 1.27908 -0.99049 
0.28 1.27256 -0.994743 
0.281 1.26603 -0.999003 
0.282 1.2595 -1.00327 
0.283 1.25297 -1.00754 
0.284 1.24643 -1.01182 
0.285 1.23989 -1.0161 
0.286 1.23334 -1.02039 
0.287 1.22679 -1.02469 
0.288 1.22024 -1.02899 
0.289 1.21368 -1.0333 
0.29 1.20712 -1.03762 
0.291 1.20055 -1.04194 
0.292 1.19398 -1.04627 
0.293 1.1874 -1.05061 
0.294 1.18083 -1.05495 
0.295 1.17424 -1.0593 
0.296 1.16765 -1.06365 
0.297 1.16106 -1.06801 
0.298 1.15447 -1.07238 
0.299 1.14787 -1.07676 
0.3 1.14126 -1.08114 
0.301 1.13465 -1.08552 
0.302 1.12804 -1.08992 
0.303 1.12142 -1.09432 
0.304 1.1148 -1.09873 
0.305 1.10817 -1.10314 
0.306 1.10154 -1.10756 
0.307 1.09491 -1.11199 
0.308 1.08827 -1.11642 
0.309 1.08162 -1.12086 
0.31 1.07498 -1.12531 
0.311 1.06832 -1.12976 
0.312 1.06167 -1.13422 
0.313 1.055 -1.13869 
0.314 1.04834 -1.14316 
0.315 1.04167 -1.14764 
0.316 1.03499 -1.15213 
0.317 1.02831 -1.15663 
0.318 1.02162 -1.16113 
0.319 1.01493 -1.16563 
0.32 1.00824 -1.17015 
0.321 1.00154 -1.17467 
0.322 0.994837 -1.1792 
0.323 0.988129 -1.18373 
0.324 0.981415 -1.18828 
0.325 0.974698 -1.19283 
0.326 0.967975 -1.19738 
0.327 0.961247 -1.20194 
0.328 0.954515 -1.20651 
0.329 0.947778 -1.21109 
0.33 0.941036 -1.21568 
0.331 0.934289 -1.22027 
0.332 0.927538 -1.22486 
0.333 0.920781 -1.22947 
0.334 0.91402 -1.23408 
0.335 0.907253 -1.2387 
0.336 0.900482 -1.24333 
0.337 0.893705 -1.24796 
0.338 0.886924 -1.2526 
0.339 0.880138 -1.25725 
0.34 0.873346 -1.2619 
0.341 0.86655 -1.26657 
0.342 0.859748 -1.27124 
0.343 0.852942 -1.27591 
0.344 0.84613 -1.2806 
0.345 0.839313 -1.28529 
0.346 0.832492 -1.28998 
0.347 0.825664 -1.29469 
0.348 0.818832 -1.2994 
0.349 0.811995 -1.30412 
0.35 0.805152 -1.30885 
0.351 0.798304 -1.31359 
0.352 0.791451 -1.31833 
0.353 0.784593 -1.32308 
0.354 0.777729 -1.32783 
0.355 0.77086 -1.3326 
0.356 0.763986 -1.33737 
0.357 0.757106 -1.34215 
0.358 0.750221 -1.34694 
0.359 0.74333 -1.35173 
0.36 0.736435 -1.35653 
0.361 0.729533 -1.36134 
0.362 0.722627 -1.36616 
0.363 0.715714 -1.37098 
0.364 0.708797 -1.37581 
0.365 0.701874 -1.38065 
0.366 0.694945 -1.3855 
0.367 0.688011 -1.39035 
0.368 0.681071 -1.39522 
0.369 0.674126 -1.40009 
0.37 0.667175 -1.40496 
0.371 0.660218 -1.40985 
0.372 0.653256 -1.41474 
0.373 0.646288 -1.41964 
0.374 0.639315 -1.42455 
0.375 0.632335 -1.42947 
0.376 0.625351 -1.43439 
0.377 0.61836 -1.43932 
0.378 0.611363 -1.44426 
0.379 0.604361 -1.44921 
0.38 0.597353 -1.45417 
0.381 0.59034 -1.45913 
0.382 0.58332 -1.4641 
0.383 0.576294 -1.46908 
0.384 0.569263 -1.47407 
0.385 0.562226 -1.47906 
0.386 0.555183 -1.48406 
0.387 0.548134 -1.48907 
0.388 0.541078 -1.49409 
0.389 0.534017 -1.49912 
0.39 0.52695 -1.50415 
0.391 0.519877 -1.5092 
0.392 0.512798 -1.51425 
0.393 0.505713 -1.51931 
0.394 0.498622 -1.52437 
0.395 0.491525 -1.52945 
0.396 0.484421 -1.53453 
0.397 0.477312 -1.53962 
0.398 0.470196 -1.54472 
0.399 0.463074 -1.54983 
0.4 0.455946 -1.55495 
0.401 0.448812 -1.56007 
0.402 0.441671 -1.5652 
0.403 0.434525 -1.57034 
0.404 0.427372 -1.57549 
0.405 0.420212 -1.58065 
0.406 0.413047 -1.58582 
0.407 0.405875 -1.59099 
0.408 0.398696 -1.59617 
0.409 0.391512 -1.60136 
0.41 0.38432 -1.60656 
0.411 0.377123 -1.61177 
0.412 0.369919 -1.61699 
0.413 0.362708 -1.62221 
0.414 0.355491 -1.62744 
0.415 0.348268 -1.63268 
0.416 0.341038 -1.63793 
0.417 0.333801 -1.64319 
0.418 0.326558 -1.64846 
0.419 0.319309 -1.65374 
0.42 0.312052 -1.65902 
0.421 0.304789 -1.66431 
0.422 0.29752 -1.66961 
0.423 0.290243 -1.67492 
0.424 0.28296 -1.68024 
0.425 0.275671 -1.68557 
0.426 0.268374 -1.69091 
0.427 0.261071 -1.69625 
0.428 0.253761 -1.7016 
0.429 0.246444 -1.70697 
0.43 0.239121 -1.71234 
0.431 0.23179 -1.71772 
0.432 0.224453 -1.7231 
0.433 0.217109 -1.7285 
0.434 0.209758 -1.73391 
0.435 0.2024 -1.73932 
0.436 0.195035 -1.74475 
0.437 0.187663 -1.75018 
0.438 0.180284 -1.75562 
0.439 0.172898 -1.76107 
0.44 0.165505 -1.76653 
0.441 0.158105 -1.772 
0.442 0.150697 -1.77748 
0.443 0.143283 -1.78297 
0.444 0.135862 -1.78846 
0.445 0.128433 -1.79397 
0.446 0.120997 -1.79948 
0.447 0.113555 -1.80501 
0.448 0.106104 -1.81054 
0.449 0.098647 -1.81608 
0.45 0.0911823 -1.82163 
0.451 0.0837104 -1.82719 
0.452 0.0762312 -1.83276 
0.453 0.0687446 -1.83834 
0.454 0.0612507 -1.84393 
0.455 0.0537495 -1.84952 
0.456 0.0462408 -1.85513 
0.457 0.0387247 -1.86074 
0.458 0.0312012 -1.86637 
0.459 0.0236702 -1.872 
0.46 0.0161317 -1.87765 
0.461 0.00858571 -1.8833 
0.462 0.0010322 -1.88896 
0.463 -0.00652886 -1.89463 
0.464 -0.0140975 -1.90032 
0.465 -0.0216737 -1.90601 
0.466 -0.0292576 -1.91171 
0.467 -0.0368491 -1.91742 
0.468 -0.0444483 -1.92314 
0.469 -0.0520551 -1.92886 
0.47 -0.0596697 -1.9346 
0.471 -0.067292 -1.94035 
0.472 -0.074922 -1.94611 
0.473 -0.0825599 -1.95188 
0.474 -0.0902055 -1.95765 
0.475 -0.097859 -1.96344 
0.476 -0.10552 -1.96924 
0.477 -0.113189 -1.97504 
0.478 -0.120867 -1.98086 
0.479 -0.128552 -1.98668 
0.48 -0.136245 -1.99252 
0.481 -0.143945 -1.99837 
0.482 -0.151654 -2.00422 
0.483 -0.159371 -2.01009 
0.484 -0.167096 -2.01596 
0.485 -0.174829 -2.02185 
0.486 -0.18257 -2.02774 
0.487 -0.19032 -2.03365 
0.488 -0.198077 -2.03956 
0.489 -0.205842 -2.04549 
0.49 -0.213616 -2.05142 
0.491 -0.221398 -2.05736 
0.492 -0.229188 -2.06332 
0.493 -0.236986 -2.06928 
0.494 -0.244793 -2.07526 
0.495 -0.252608 -2.08125 
0.496 -0.260431 -2.08724 
0.497 -0.268263 -2.09325 
0.498 -0.276103 -2.09926 
0.499 -0.283951 -2.10529 
0.5 -0.291808 -2.11132 
0.501 -0.299673 -2.11737 
0.502 -0.307547 -2.12343 
0.503 -0.315429 -2.12949 
0.504 -0.323319 -2.13557 
0.505 -0.331219 -2.14166 
0.506 -0.339126 -2.14776 
0.507 -0.347043 -2.15387 
0.508 -0.354968 -2.15998 
0.509 -0.362901 -2.16611 
0.51 -0.370844 -2.17225 
0.511 -0.378795 -2.1784 
0.512 -0.386754 -2.18456 
0.513 -0.394723 -2.19074 
0.514 -0.4027 -2.19692 
0.515 -0.410686 -2.20311 
0.516 -0.41868 -2.20931 
0.517 -0.426684 -2.21553 
0.518 -0.434697 -2.22175 
0.519 -0.442718 -2.22799 
0.52 -0.450748 -2.23423 
0.521 -0.458787 -2.24049 
0.522 -0.466835 -2.24676 
0.523 -0.474892 -2.25303 
0.524 -0.482959 -2.25932 
0.525 -0.491034 -2.26562 
0.526 -0.499118 -2.27193 
0.527 -0.507211 -2.27825 
0.528 -0.515314 -2.28459 
0.529 -0.523425 -2.29093 
0.53 -0.531546 -2.29728 
0.531 -0.539676 -2.30365 
0.532 -0.547815 -2.31002 
0.533 -0.555963 -2.31641 
0.534 -0.564121 -2.32281 
0.535 -0.572287 -2.32922 
0.536 -0.580464 -2.33564 
0.537 -0.588649 -2.34207 
0.538 -0.596844 -2.34851 
0.539 -0.605048 -2.35496 
0.54 -0.613262 -2.36143 
0.541 -0.621485 -2.3679 
0.542 -0.629718 -2.37439 
0.543 -0.63796 -2.38089 
0.544 -0.646211 -2.3874 
0.545 -0.654473 -2.39392 
0.546 -0.662743 -2.40045 
0.547 -0.671024 -2.40699 
0.548 -0.679314 -2.41355 
0.549 -0.687613 -2.42012 
0.55 -0.695922 -2.42669 
0.551 -0.704241 -2.43328 
0.552 -0.71257 -2.43988 
0.553 -0.720909 -2.44649 
0.554 -0.729257 -2.45312 
0.555 -0.737615 -2.45975 
0.556 -0.745983 -2.4664 
0.557 -0.75436 -2.47306 
0.558 -0.762748 -2.47973 
0.559 -0.771146 -2.48641 
0.56 -0.779553 -2.4931 
0.561 -0.787971 -2.4998 
0.562 -0.796398 -2.50652 
0.563 -0.804836 -2.51325 
0.564 -0.813283 -2.51999 
0.565 -0.821741 -2.52674 
0.566 -0.830208 -2.5335 
0.567 -0.838686 -2.54028 
0.568 -0.847174 -2.54707 
0.569 -0.855672 -2.55387 
0.57 -0.864181 -2.56068 
0.571 -0.872699 -2.5675 
0.572 -0.881228 -2.57433 
0.573 -0.889767 -2.58118 
0.574 -0.898317 -2.58804 
0.575 -0.906877 -2.59491 
0.576 -0.915447 -2.60179 
0.577 -0.924028 -2.60869 
0.578 -0.932619 -2.6156 
0.579 -0.94122 -2.62251 
0.58 -0.949832 -2.62945 
0.581 -0.958455 -2.63639 
0.582 -0.967088 -2.64335 
0.583 -0.975731 -2.65031 
0.584 -0.984385 -2.65729 
0.585 -0.99305 -2.66429 
0.586 -1.00173 -2.67129 
0.587 -1.01041 -2.67831 
0.588 -1.01911 -2.68534 
0.589 -1.02782 -2.69238 
0.59 -1.03653 -2.69943 
0.591 -1.04526 -2.7065 
0.592 -1.054 -2.71358 
0.593 -1.06275 -2.72067 
0.594 -1.07152 -2.72778 
0.595 -1.08029 -2.73489 
0.596 -1.08907 -2.74202 
0.597 -1.09787 -2.74917 
0.598 -1.10667 -2.75632 
0.599 -1.11549 -2.76349 
0.6 -1.12432 -2.77067 
0.601 -1.13316 -2.77786 
0.602 -1.14201 -2.78507 
0.603 -1.15087 -2.79229 
0.604 -1.15974 -2.79952 
0.605 -1.16862 -2.80676 
0.606 -1.17752 -2.81402 
0.607 -1.18642 -2.82129 
0.608 -1.19534 -2.82857 
0.609 -1.20427 -2.83587 
0.61 -1.21321 -2.84318 
0.611 -1.22216 -2.8505 
0.612 -1.23112 -2.85783 
0.613 -1.24009 -2.86518 
0.614 -1.24908 -2.87254 
0.615 -1.25808 -2.87992 
0.616 -1.26708 -2.8873 
0.617 -1.2761 -2.8947 
0.618 -1.28514 -2.90212 
0.619 -1.29418 -2.90954 
0.62 -1.30323 -2.91698 
0.621 -1.3123 -2.92444 
0.622 -1.32138 -2.9319 
0.623 -1.33047 -2.93938 
0.624 -1.33957 -2.94688 
0.625 -1.34868 -2.95438 
0.626 -1.35781 -2.9619 
0.627 -1.36694 -2.96944 
0.628 -1.37609 -2.97698 
0.629 -1.38525 -2.98454 
0.63 -1.39443 -2.99212 
0.631 -1.40361 -2.99971 
0.632 -1.41281 -3.00731 
0.633 -1.42202 -3.01492 
0.634 -1.43124 -3.02255 
0.635 -1.44047 -3.03019 
0.636 -1.44971 -3.03785 
0.637 -1.45897 -3.04552 
0.638 -1.46824 -3.0532 
0.639 -1.47752 -3.0609 
0.64 -1.48682 -3.06861 
0.641 -1.49612 -3.07633 
0.642 -1.50544 -3.08407 
0.643 -1.51477 -3.09183 
0.644 -1.52411 -3.09959 
0.645 -1.53347 -3.10737 
0.646 -1.54284 -3.11517 
0.647 -1.55222 -3.12298 
0.648 -1.56161 -3.1308 
0.649 -1.57101 -3.13863 
0.65 -1.58043 -3.14649 
0.651 -1.58986 -3.15435 
0.652 -1.59931 -3.16223 
0.653 -1.60876 -3.17012 
0.654 -1.61823 -3.17803 
0.655 -1.62771 -3.18595 
0.656 -1.6372 -3.19389 
0.657 -1.64671 -3.20184 
0.658 -1.65623 -3.2098 
0.659 -1.66576 -3.21778 
0.66 -1.67531 -3.22578 
0.661 -1.68487 -3.23378 
0.662 -1.69444 -3.24181 
0.663 -1.70402 -3.24984 
0.664 -1.71362 -3.2579 
0.665 -1.72323 -3.26596 
0.666 -1.73285 -3.27404 
0.667 -1.74248 -3.28214 
0.668 -1.75213 -3.29025 
0.669 -1.7618 -3.29837 
0.67 -1.77147 -3.30651 
0.671 -1.78116 -3.31467 
0.672 -1.79086 -3.32283 
0.673 -1.80058 -3.33102 
0.674 -1.81031 -3.33922 
0.675 -1.82005 -3.34743 
0.676 -1.8298 -3.35566 
0.677 -1.83957 -3.3639 
0.678 -1.84935 -3.37216 
0.679 -1.85915 -3.38043 
0.68 -1.86896 -3.38872 
0.681 -1.87878 -3.39703 
0.682 -1.88862 -3.40534 
0.683 -1.89847 -3.41368 
0.684 -1.90833 -3.42203 
0.685 -1.91821 -3.43039 
0.686 -1.9281 -3.43877 
0.687 -1.938 -3.44717 
0.688 -1.94792 -3.45558 
0.689 -1.95785 -3.464 
0.69 -1.9678 -3.47244 
0.691 -1.97776 -3.4809 
0.692 -1.98773 -3.48937 
0.693 -1.99772 -3.49786 
0.694 -2.00772 -3.50636 
0.695 -2.01774 -3.51488 
0.696 -2.02777 -3.52341 
0.697 -2.03781 -3.53196 
0.698 -2.04787 -3.54052 
0.699 -2.05794 -3.5491 
0.7 -2.06803 -3.5577 
0.701 -2.07813 -3.56631 
0.702 -2.08825 -3.57494 
0.703 -2.09837 -3.58358 
0.704 -2.10852 -3.59224 
0.705 -2.11868 -3.60091 
0.706 -2.12885 -3.60961 
0.707 -2.13903 -3.61831 
0.708 -2.14924 -3.62703 
0.709 -2.15945 -3.63577 
0.71 -2.16968 -3.64453 
0.711 -2.17993 -3.6533 
0.712 -2.19019 -3.66208 
0.713 -2.20046 -3.67089 
0.714 -2.21075 -3.67971 
0.715 -2.22105 -3.68854 
0.716 -2.23137 -3.69739 
0.717 -2.2417 -3.70626 
0.718 -2.25205 -3.71514 
0.719 -2.26241 -3.72404 
0.72 -2.27279 -3.73296 
0.721 -2.28318 -3.74189 
0.722 -2.29359 -3.75084 
0.723 -2.30401 -3.75981 
0.724 -2.31445 -3.76879 
0.725 -2.3249 -3.77779 
0.726 -2.33537 -3.78681 
0.727 -2.34585 -3.79584 
0.728 -2.35635 -3.80489 
0.729 -2.36687 -3.81395 
0.73 -2.37739 -3.82303 
0.731 -2.38794 -3.83213 
0.732 -2.3985 -3.84125 
0.733 -2.40907 -3.85038 
0.734 -2.41966 -3.85953 
0.735 -2.43027 -3.86869 
0.736 -2.44089 -3.87788 
0.737 -2.45152 -3.88708 
0.738 -2.46218 -3.89629 
0.739 -2.47284 -3.90553 
0.74 -2.48353 -3.91478 
0.741 -2.49422 -3.92405 
0.742 -2.50494 -3.93333 
0.743 -2.51567 -3.94263 
0.744 -2.52641 -3.95195 
0.745 -2.53718 -3.96129 
0.746 -2.54795 -3.97064 
0.747 -2.55875 -3.98002 
0.748 -2.56956 -3.9894 
0.749 -2.58038 -3.99881 
0.75 -2.59122 -4.00823 
0.751 -2.60208 -4.01767 
0.752 -2.61295 -4.02713 
0.753 -2.62384 -4.03661 
0.754 -2.63475 -4.0461 
0.755 -2.64567 -4.05561 
0.756 -2.65661 -4.06514 
0.757 -2.66756 -4.07469 
0.758 -2.67853 -4.08425 
0.759 -2.68952 -4.09383 
0.76 -2.70052 -4.10343 
0.761 -2.71154 -4.11305 
0.762 -2.72258 -4.12268 
0.763 -2.73363 -4.13234 
0.764 -2.7447 -4.14201 
0.765 -2.75578 -4.1517 
0.766 -2.76689 -4.1614 
0.767 -2.778 -4.17113 
0.768 -2.78914 -4.18087 
0.769 -2.80029 -4.19063 
0.77 -2.81146 -4.20041 
0.771 -2.82265 -4.21021 
0.772 -2.83385 -4.22002 
0.773 -2.84507 -4.22986 
0.774 -2.85631 -4.23971 
0.775 -2.86756 -4.24958 
0.776 -2.87883 -4.25947 
0.777 -2.89012 -4.26938 
0.778 -2.90142 -4.2793 
0.779 -2.91274 -4.28925 
0.78 -2.92408 -4.29921 
0.781 -2.93544 -4.30919 
0.782 -2.94681 -4.31919 
0.783 -2.9582 -4.32921 
0.784 -2.96961 -4.33925 
0.785 -2.98103 -4.3493 
0.786 -2.99247 -4.35938 
0.787 -3.00393 -4.36947 
0.788 -3.01541 -4.37958 
0.789 -3.02691 -4.38971 
0.79 -3.03842 -4.39986 
0.791 -3.04995 -4.41003 
0.792 -3.0615 -4.42022 
0.793 -3.07306 -4.43043 
0.794 -3.08464 -4.44065 
0.795 -3.09625 -4.4509 
0.796 -3.10786 -4.46116 
0.797 -3.1195 -4.47145 
0.798 -3.13115 -4.48175 
0.799 -3.14283 -4.49207 
0.8 -3.15452 -4.50241 
0.801 -3.16623 -4.51277 
0.802 -3.17795 -4.52316 
0.803 -3.1897 -4.53355 
0.804 -3.20146 -4.54397 
0.805 -3.21324 -4.55441 
0.806 -3.22504 -4.56487 
0.807 -3.23685 -4.57535 
0.808 -3.24869 -4.58585 
0.809 -3.26054 -4.59636 
0.81 -3.27242 -4.6069 
0.811 -3.28431 -4.61746 
0.812 -3.29621 -4.62803 
0.813 -3.30814 -4.63863 
0.814 -3.32009 -4.64924 
0.815 -3.33205 -4.65988 
0.816 -3.34404 -4.67054 
0.817 -3.35604 -4.68121 
0.818 -3.36806 -4.69191 
0.819 -3.3801 -4.70262 
0.82 -3.39216 -4.71336 
0.821 -3.40423 -4.72412 
0.822 -3.41633 -4.73489 
0.823 -3.42844 -4.74569 
0.824 -3.44058 -4.75651 
0.825 -3.45273 -4.76734 
0.826 -3.4649 -4.7782 
0.827 -3.47709 -4.78908 
0.828 -3.4893 -4.79998 
0.829 -3.50153 -4.8109 
0.83 -3.51378 -4.82184 
0.831 -3.52605 -4.8328 
0.832 -3.53834 -4.84378 
0.833 -3.55064 -4.85478 
0.834 -3.56297 -4.8658 
0.835 -3.57531 -4.87685 
0.836 -3.58768 -4.88791 
0.837 -3.60006 -4.899 
0.838 -3.61247 -4.9101 
0.839 -3.62489 -4.92123 
0.84 -3.63733 -4.93238 
0.841 -3.6498 -4.94354 
0.842 -3.66228 -4.95473 
0.843 -3.67478 -4.96594 
0.844 -3.68731 -4.97718 
0.845 -3.69985 -4.98843 
0.846 -3.71241 -4.9997 
0.847 -3.72499 -5.011 
0.848 -3.73759 -5.02232 
0.849 -3.75022 -5.03365 
0.85 -3.76286 -5.04501 
0.851 -3.77552 -5.05639 
0.852 -3.78821 -5.0678 
0.853 -3.80091 -5.07922 
0.854 -3.81363 -5.09067 
0.855 -3.82638 -5.10213 
0.856 -3.83914 -5.11362 
0.857 -3.85193 -5.12513 
0.858 -3.86473 -5.13667 
0.859 -3.87756 -5.14822 
0.86 -3.8904 -5.1598 
0.861 -3.90327 -5.1714 
0.862 -3.91616 -5.18302 
0.863 -3.92907 -5.19466 
0.864 -3.94199 -5.20632 
0.865 -3.95494 -5.21801 
0.866 -3.96792 -5.22972 
0.867 -3.98091 -5.24145 
0.868 -3.99392 -5.2532 
0.869 -4.00695 -5.26497 
0.87 -4.02001 -5.27677 
0.871 -4.03308 -5.28859 
0.872 -4.04618 -5.30043 
0.873 -4.0593 -5.3123 
0.874 -4.07244 -5.32419 
0.875 -4.0856 -5.33609 
0.876 -4.09878 -5.34803 
0.877 -4.11199 -5.35998 
0.878 -4.12521 -5.37196 
0.879 -4.13846 -5.38396 
0.88 -4.15172 -5.39598 
0.881 -4.16501 -5.40803 
0.882 -4.17833 -5.4201 
0.883 -4.19166 -5.43219 
0.884 -4.20501 -5.4443 
0.885 -4.21839 -5.45644 
0.886 -4.23179 -5.4686 
0.887 -4.24521 -5.48078 
0.888 -4.25865 -5.49299 
0.889 -4.27211 -5.50522 
0.89 -4.2856 -5.51747 
0.891 -4.29911 -5.52975 
0.892 -4.31264 -5.54205 
0.893 -4.32619 -5.55437 
0.894 -4.33976 -5.56672 
0.895 -4.35336 -5.57909 
0.896 -4.36698 -5.59148 
0.897 -4.38062 -5.6039 
0.898 -4.39428 -5.61634 
0.899 -4.40797 -5.62881 
0.9 -4.42168 -5.6413 
0.901 -4.43541 -5.65381 
0.902 -4.44916 -5.66634 
0.903 -4.46294 -5.6789 
0.904 -4.47674 -5.69149 
0.905 -4.49056 -5.70409 
0.906 -4.50441 -5.71673 
0.907 -4.51827 -5.72938 
0.908 -4.53216 -5.74206 
0.909 -4.54608 -5.75477 
0.91 -4.56001 -5.76749 
0.911 -4.57397 -5.78025 
0.912 -4.58796 -5.79302 
0.913 -4.60196 -5.80583 
0.914 -4.61599 -5.81865 
0.915 -4.63004 -5.8315 
0.916 -4.64412 -5.84438 
0.917 -4.65822 -5.85728 
0.918 -4.67234 -5.8702 
0.919 -4.68649 -5.88315 
0.92 -4.70066 -5.89612 
0.921 -4.71485 -5.90912 
0.922 -4.72907 -5.92214 
0.923 -4.74331 -5.93519 
0.924 -4.75757 -5.94826 
0.925 -4.77186 -5.96136 
0.926 -4.78617 -5.97448 
0.927 -4.8005 -5.98763 
0.928 -4.81486 -6.0008 
0.929 -4.82925 -6.014 
0.93 -4.84366 -6.02722 
0.931 -4.85809 -6.04047 
0.932 -4.87254 -6.05375 
0.933 -4.88702 -6.06705 
0.934 -4.90153 -6.08037 
0.935 -4.91606 -6.09372 
0.936 -4.93061 -6.1071 
0.937 -4.94519 -6.1205 
0.938 -4.95979 -6.13393 
0.939 -4.97441 -6.14738 
0.94 -4.98906 -6.16086 
0.941 -5.00374 -6.17436 
0.942 -5.01844 -6.18789 
0.943 -5.03317 -6.20145 
0.944 -5.04792 -6.21503 
0.945 -5.06269 -6.22864 
0.946 -5.07749 -6.24227 
0.947 -5.09231 -6.25593 
0.948 -5.10716 -6.26962 
0.949 -5.12204 -6.28333 
0.95 -5.13694 -6.29707 
0.951 -5.15186 -6.31083 
0.952 -5.16681 -6.32463 
0.953 -5.18179 -6.33844 
0.954 -5.19679 -6.35229 
0.955 -5.21182 -6.36616 
0.956 -5.22687 -6.38006 
0.957 -5.24194 -6.39398 
0.958 -5.25705 -6.40793 
0.959 -5.27218 -6.42191 
0.96 -5.28733 -6.43592 
0.961 -5.30251 -6.44995 
0.962 -5.31771 -6.46401 
0.963 -5.33295 -6.47809 
0.964 -5.3482 -6.4922 
0.965 -5.36349 -6.50634 
0.966 -5.3788 -6.52051 
0.967 -5.39413 -6.53471 
0.968 -5.40949 -6.54893 
0.969 -5.42488 -6.56318 
0.97 -5.44029 -6.57745 
0.971 -5.45573 -6.59175 
0.972 -5.4712 -6.60609 
0.973 -5.48669 -6.62044 
0.974 -5.50221 -6.63483 
0.975 -5.51776 -6.64924 
0.976 -5.53333 -6.66369 
0.977 -5.54893 -6.67816 
0.978 -5.56456 -6.69265 
0.979 -5.58021 -6.70718 
0.98 -5.59589 -6.72173 
0.981 -5.6116 -6.73631 
0.982 -5.62733 -6.75092 
0.983 -5.64309 -6.76556 
0.984 -5.65888 -6.78022 
0.985 -5.67469 -6.79492 
0.986 -5.69053 -6.80964 
0.987 -5.7064 -6.82439 
0.988 -5.7223 -6.83917 
0.989 -5.73822 -6.85397 
0.99 -5.75417 -6.86881 
0.991 -5.77015 -6.88367 
0.992 -5.78616 -6.89857 
0.993 -5.80219 -6.91349 
0.994 -5.81825 -6.92844 
0.995 -5.83434 -6.94342 
0.996 -5.85046 -6.95843 
0.997 -5.8666 -6.97346 
0.998 -5.88277 -6.98853 
0.999 -5.89897 -7.00362 
1 -5.9152 -7.01875 
