0 0.00999975 0.0001 
0.01 0.0199975 0.000399985 
0.02 0.0299911 0.000899894 
0.03 0.0399784 0.00159962 
0.04 0.0499573 0.00249902 
0.05 0.0599255 0.00359791 
0.06 0.0698806 0.00489604 
0.07 0.0798204 0.00639313 
0.08 0.0897424 0.00808885 
0.09 0.0996442 0.00998282 
0.1 0.109523 0.0120746 
0.11 0.119377 0.0143637 
0.12 0.129203 0.0168497 
0.13 0.138999 0.0195319 
0.14 0.148762 0.0224097 
0.15 0.158489 0.0254823 
0.16 0.168178 0.0287492 
0.17 0.177826 0.0322095 
0.18 0.187431 0.0358623 
0.19 0.196989 0.0397067 
0.2 0.206498 0.0437418 
0.21 0.215955 0.0479666 
0.22 0.225357 0.05238 
0.23 0.234702 0.0569809 
0.24 0.243987 0.0617681 
0.25 0.253209 0.0667403 
0.26 0.262366 0.0718964 
0.27 0.271455 0.077235 
0.28 0.280472 0.0827546 
0.29 0.289417 0.0884539 
0.3 0.298285 0.0943313 
0.31 0.307074 0.100385 
0.32 0.315782 0.106614 
0.33 0.324405 0.113017 
0.34 0.332943 0.11959 
0.35 0.341391 0.126334 
0.36 0.349749 0.133246 
0.37 0.358012 0.140324 
0.38 0.36618 0.147567 
0.39 0.374249 0.154971 
0.4 0.382218 0.162537 
0.41 0.390084 0.17026 
0.42 0.397846 0.17814 
0.43 0.405501 0.186174 
0.44 0.413047 0.19436 
0.45 0.420482 0.202696 
0.46 0.427805 0.211179 
0.47 0.435014 0.219808 
0.48 0.442108 0.22858 
0.49 0.449084 0.237492 
0.5 0.455941 0.246543 
0.51 0.462677 0.25573 
0.52 0.469292 0.26505 
0.53 0.475784 0.274502 
0.54 0.482152 0.284082 
0.55 0.488395 0.293788 
0.56 0.494511 0.303617 
0.57 0.500501 0.313568 
0.58 0.506362 0.323637 
0.59 0.512095 0.333823 
0.6 0.517698 0.344121 
0.61 0.523171 0.354531 
0.62 0.528514 0.365048 
0.63 0.533725 0.375671 
0.64 0.538806 0.386397 
0.65 0.543755 0.397223 
0.66 0.548572 0.408147 
0.67 0.553258 0.419166 
0.68 0.557812 0.430278 
0.69 0.562234 0.441479 
0.7 0.566525 0.452767 
0.71 0.570685 0.46414 
0.72 0.574714 0.475594 
0.73 0.578612 0.487128 
0.74 0.58238 0.498739 
0.75 0.586019 0.510423 
0.76 0.589529 0.52218 
0.77 0.592911 0.534005 
0.78 0.596166 0.545896 
0.79 0.599294 0.557851 
0.8 0.602296 0.569868 
0.81 0.605174 0.581943 
0.82 0.607928 0.594075 
0.83 0.610559 0.60626 
0.84 0.613069 0.618497 
0.85 0.615458 0.630783 
0.86 0.617728 0.643116 
0.87 0.619881 0.655492 
0.88 0.621917 0.667911 
0.89 0.623837 0.680369 
0.9 0.625644 0.692864 
0.91 0.627339 0.705395 
0.92 0.628923 0.717958 
0.93 0.630397 0.730552 
0.94 0.631764 0.743174 
0.95 0.633024 0.755822 
0.96 0.63418 0.768495 
0.97 0.635233 0.781189 
0.98 0.636185 0.793904 
0.99 0.637037 0.806637 
1 0.637791 0.819386 
