0 0.99995 -0.00985 
0.01 0.999803 -0.019405 
0.02 0.999562 -0.0286698 
0.03 0.99923 -0.0376494 
0.04 0.998809 -0.0463484 
0.05 0.998303 -0.0547716 
0.06 0.997713 -0.0629236 
0.07 0.997044 -0.0708089 
0.08 0.996297 -0.0784321 
0.09 0.995475 -0.0857976 
0.1 0.994581 -0.0929097 
0.11 0.993617 -0.0997728 
0.12 0.992586 -0.106391 
0.13 0.991489 -0.112769 
0.14 0.99033 -0.11891 
0.15 0.989111 -0.124819 
0.16 0.987834 -0.1305 
0.17 0.986501 -0.135956 
0.18 0.985115 -0.141191 
0.19 0.983677 -0.14621 
0.2 0.982191 -0.151016 
0.21 0.980657 -0.155614 
0.22 0.979078 -0.160005 
0.23 0.977457 -0.164195 
0.24 0.975795 -0.168186 
0.25 0.974093 -0.171983 
0.26 0.972355 -0.175589 
0.27 0.970581 -0.179007 
0.28 0.968775 -0.18224 
0.29 0.966937 -0.185293 
0.3 0.965069 -0.188167 
0.31 0.963173 -0.190867 
0.32 0.961251 -0.193396 
0.33 0.959305 -0.195757 
0.34 0.957336 -0.197952 
0.35 0.955346 -0.199985 
0.36 0.953337 -0.201859 
0.37 0.951309 -0.203578 
0.38 0.949265 -0.205142 
0.39 0.947206 -0.206557 
0.4 0.945134 -0.207824 
0.41 0.94305 -0.208947 
0.42 0.940955 -0.209927 
0.43 0.938851 -0.210769 
0.44 0.93674 -0.211474 
0.45 0.934622 -0.212045 
0.46 0.932499 -0.212484 
0.47 0.930372 -0.212795 
0.48 0.928243 -0.21298 
0.49 0.926112 -0.213041 
0.5 0.923982 -0.212981 
0.51 0.921853 -0.212801 
0.52 0.919726 -0.212506 
0.53 0.917603 -0.212096 
0.54 0.915484 -0.211574 
0.55 0.913371 -0.210942 
0.56 0.911265 -0.210203 
0.57 0.909167 -0.209359 
0.58 0.907078 -0.208412 
0.59 0.904999 -0.207365 
0.6 0.902931 -0.206218 
0.61 0.900874 -0.204974 
0.62 0.898831 -0.203636 
0.63 0.896802 -0.202206 
0.64 0.894787 -0.200684 
0.65 0.892788 -0.199074 
0.66 0.890806 -0.197377 
0.67 0.888841 -0.195595 
0.68 0.886894 -0.19373 
0.69 0.884966 -0.191784 
0.7 0.883058 -0.189758 
0.71 0.881171 -0.187654 
0.72 0.879305 -0.185475 
0.73 0.877461 -0.183222 
0.74 0.87564 -0.180895 
0.75 0.873843 -0.178499 
0.76 0.87207 -0.176032 
0.77 0.870323 -0.173499 
0.78 0.868601 -0.170899 
0.79 0.866905 -0.168235 
0.8 0.865236 -0.165508 
0.81 0.863595 -0.162719 
0.82 0.861981 -0.159871 
0.83 0.860397 -0.156964 
0.84 0.858842 -0.154 
0.85 0.857317 -0.150981 
0.86 0.855823 -0.147907 
0.87 0.854359 -0.144781 
0.88 0.852927 -0.141603 
0.89 0.851527 -0.138375 
0.9 0.850159 -0.135099 
0.91 0.848825 -0.131775 
0.92 0.847524 -0.128404 
0.93 0.846257 -0.124989 
0.94 0.845024 -0.12153 
0.95 0.843826 -0.118028 
0.96 0.842664 -0.114485 
0.97 0.841537 -0.110902 
0.98 0.840446 -0.10728 
0.99 0.839391 -0.10362 
1 0.838373 -0.0999228 
