0 0.999959 -0.00986721 
0.01 0.99982 -0.0194387 
0.02 0.999587 -0.0287195 
0.03 0.999262 -0.0377143 
0.04 0.998848 -0.0464279 
0.05 0.998349 -0.054865 
0.06 0.997766 -0.0630304 
0.07 0.997102 -0.0709285 
0.08 0.996361 -0.0785639 
0.09 0.995545 -0.085941 
0.1 0.994655 -0.0930642 
0.11 0.993696 -0.0999379 
0.12 0.992669 -0.106566 
0.13 0.991576 -0.112954 
0.14 0.990421 -0.119104 
0.15 0.989205 -0.125021 
0.16 0.987931 -0.13071 
0.17 0.986601 -0.136174 
0.18 0.985217 -0.141416 
0.19 0.983782 -0.146442 
0.2 0.982298 -0.151254 
0.21 0.980766 -0.155857 
0.22 0.979189 -0.160254 
0.23 0.977569 -0.164449 
0.24 0.975907 -0.168445 
0.25 0.974207 -0.172247 
0.26 0.972469 -0.175856 
0.27 0.970696 -0.179277 
0.28 0.96889 -0.182514 
0.29 0.967052 -0.185569 
0.3 0.965184 -0.188447 
0.31 0.963288 -0.191149 
0.32 0.961366 -0.193679 
0.33 0.959419 -0.196041 
0.34 0.95745 -0.198238 
0.35 0.955459 -0.200272 
0.36 0.953448 -0.202147 
0.37 0.951419 -0.203866 
0.38 0.949374 -0.205431 
0.39 0.947314 -0.206845 
0.4 0.94524 -0.208112 
0.41 0.943154 -0.209234 
0.42 0.941058 -0.210214 
0.43 0.938952 -0.211054 
0.44 0.936838 -0.211758 
0.45 0.934718 -0.212327 
0.46 0.932593 -0.212765 
0.47 0.930464 -0.213074 
0.48 0.928332 -0.213257 
0.49 0.926199 -0.213315 
0.5 0.924066 -0.213252 
0.51 0.921935 -0.21307 
0.52 0.919805 -0.212772 
0.53 0.917679 -0.212359 
0.54 0.915557 -0.211834 
0.55 0.913442 -0.211199 
0.56 0.911333 -0.210457 
0.57 0.909232 -0.209609 
0.58 0.907139 -0.208658 
0.59 0.905057 -0.207606 
0.6 0.902986 -0.206456 
0.61 0.900926 -0.205208 
0.62 0.89888 -0.203866 
0.63 0.896847 -0.20243 
0.64 0.894829 -0.200904 
0.65 0.892827 -0.19929 
0.66 0.890841 -0.197588 
0.67 0.888872 -0.195801 
0.68 0.886922 -0.193931 
0.69 0.884991 -0.19198 
0.7 0.883079 -0.189949 
0.71 0.881188 -0.18784 
0.72 0.879319 -0.185656 
0.73 0.877472 -0.183397 
0.74 0.875648 -0.181065 
0.75 0.873847 -0.178663 
0.76 0.87207 -0.176191 
0.77 0.870319 -0.173652 
0.78 0.868593 -0.171046 
0.79 0.866894 -0.168376 
0.8 0.865221 -0.165643 
0.81 0.863577 -0.162849 
0.82 0.86196 -0.159995 
0.83 0.860372 -0.157082 
0.84 0.858814 -0.154112 
0.85 0.857285 -0.151087 
0.86 0.855787 -0.148007 
0.87 0.85432 -0.144875 
0.88 0.852884 -0.141691 
0.89 0.851481 -0.138457 
0.9 0.85011 -0.135174 
0.91 0.848772 -0.131844 
0.92 0.847467 -0.128467 
0.93 0.846197 -0.125046 
0.94 0.844961 -0.12158 
0.95 0.84376 -0.118073 
0.96 0.842594 -0.114523 
0.97 0.841463 -0.110934 
0.98 0.840369 -0.107305 
0.99 0.839311 -0.103639 
1 0.83829 -0.0999359 
